202403067272760
202404098464826
202503250535426
202506053206979
202507114379963
202507254820021
202507304979486
202508015036838
202508145441673
202508265759093
202508265759094
202509036018671
202509096177535
202509166364710
202509226523636
202509236571053
202509236571143
202509246582800
202401175627796
202404228920114
202404279118325
202405219950124
202405290186808
202406190919482
202406261125153
202406261156385
202406291268879
202406291268913
202406291268933
202407191939877
202407272213580
202408022471179
202408122787916
202408122787986
202409063743108
202409184165248
202409244373616
202410034780746
202410044814225