202501137970884
202501168104093
202501178134681
202501288483841
202501288500309
202501318613200
202502068826952
202502108938558
202502129025975
202502199261650
202503150169007
202503210407630
202503240504391
202503240510621
202504040954107
202504121249617
202504151359809
202504241652391
202505021967028
202505072133749
202505092215356
202505092215358
202505092215694
202505152419120
202505212641792
202505212641808
202505232738078
202505232738082
202505302976465
202505302989154
202505302991701
202506023052521
202506023057539
202506063223321
202506073265207
202506103336966
202506113389314
202506113389315
202506113394064
202506123434324
202506173597698
202506173607732
202506183617966
202506183630084
202506203703259
202506243817174
202506263886730
202506273939280
202507034108341
202507034133276
202507074228611
202507074233733
202507114389614
202507134433735
202507194636994
202507224713475
202507224721031
202507234741159
202507244792818
202507254806724
202507254828103
202507284906617
202507315005292
202507315011131
202508015031775
202508015054786
202508045107800
202508055149361
202508065201149
202508075211095
202508075231043
202508075242387
202508085260206
202508085260209
202508115329447
202508115329589
202508115335169
202508115339923
202508145436713
202508155455595
202508155464919
202508155479825
202508155479826
202508185526808
202508195576357
202508195581227
202508205609654
202508215638183
202508215638325
202508215644003
202508215648676
202508225676904
202508225676949
202508225682123
202508265755198
202508265757023
202508265761733
202508275799261
202508275799263
202508285823262
202508285840727
202508295867640
202508295867729
202508295867782
202508295867812
202508295870375
202508295870377
202508295870376
202508305890566
202508305893067
202509015924453
202509015935724
202509015935913
202509015935915
202509015936005
202509015936007
202509015936006
202509015936008
202509015941522
202509015946799
202509015946801
202509015948455
202509025977485
202509025977697
202509025983878
202509035997959
202509036002705
202509036002704
202509036002710
202509036009562
202509036013557
202509036013595
202509036013682
202509036015844
202509036018815
202509046053082
202509046053084
202509046053083
202509046053085
202509046053086
202509046053156
202509056075707
202509066102464
202509086136604
202509096167940
202509096177976
202509096188260
202509106205641
202509106206188
202509106206332
202509106217275
202509116242139
202509116253650
202509116253753
202509126260173
202509126270363
202509126276293
202509146316170
202509156342586
202509156344970
202509166357744
202509166359920
202509166364126
202509166364692
202509166364748
202509166379802
202509176392573
202509176397741
202509186422965
202509186422972
202509186424577
202509186444562
202509186445129
202509196456459
202509196466205
202509196466207
202509196472011
202509196476674
202509196476829
202509216508313
202509226518938
202509226519022
202509226521008
202509226523300
202509226528022
202509226528051
202509236554351
202509236554376
202509236568220
202509236575790
202509246586684
202509246601943
202509256629910
202509266653201
202509266653301
202509266658675
202509266663799
202509266666724
202509266666726
202509276689200
202509296721782
202509296728282
202509296733558
202509306745270
202509306750436
202506243831051
202507144471829
202509306761239
202410245560379
202506283957486
202507084268995
202507164530956
202507164539412
202507304958016
202508115335232
202508285817770
202509266650219
202510016789929
202510016789936
202507224709080
202509025977696
202510026815383
202510026819992
202510026820626
202504171437803
202509126280765
202510026825299
202510026832100
202508285831621
202510016799175
202510036856906
202510036871283
202405219935759
202411186413420
202510066914049
202510066914076
202510066914259
202510066914512
202510066918544
202507194624672
202510066923906
202510036869109
202510066928955
202510076949572
202510076960387
202507074254417
202510076961577
202510086972081
202510086987257
202510086987389
202404048294541
202405290191927
202406291268842
202408022484247
202410044814146
202501067759561
202501148014728
202501298528655
202502028654441
202502118998527
202503109980636
202510097005273
202507304958026
202510097009227
202509306750509
202510097026519
202510097030758
202510107046473
202510107056226
202510107060890
202510097008749
202510097008784
202509266644670
202510097003419
202508055144298
202510016779569
202508185531378
202508015031677
202510157157598
202510157172506
202507164533686
202510157159361
202506253856812
202510177221356
202510177230752
202510177235720
202510207286296
202503140149182
202503240501394
202510147145690
202510217301315
202510217314107
202510217315359
202510217315490
202503270653085
202507264853731
202510097008822
202510157166898
202510207273970
202510227329809
202510237362552
202510237362559
202510237367408
202510237376375
202510247392164
202510247404153
202510257418264
202510277444603
202510257415533
202510277453927
202510277454161
202510287471710
202510147152082
202510287474862
202510287486186
202510297504701
202510307526912
202510307527201
202503270653126
202503310777685
202508145444053
202510317553868
202510317571820
202509226533456
202510307538384
202510287461913
202511037619410
202511037623974
202503200355019
202511047640418
202511047645021
202511037615958
202511047650973
202507094300178
202510297509685
202511057673838
202510177226364
202511067698347
202511067702809
202511037605150
202511077722575
202511077726968
202511077727120
202510217299510
202511077732083
202504211561688
202504221574899
202504231641160
202510187250896
202511107781153
202511107785275
202510287475265
202511117812895
202511087751269
202511117817838
202511117821801
202511127840060
202511127852763
202504251728720
202511137867189
202511137876375
202511177940212
202511177940292
202511177949372
202511187963085
202511187967141
202511147894813
202511198006994
202511198006997
202511208016143
202511208029107
202511218046247
202511228071770
202504291832887
202511248091697
202511248100418
202511248109496
202504301879217
202511258122714
202511258126537
202511258126539
202509256622708
202511268149372
202505072148279
202511268158055
202511268161579
202511288208203
202511298233940
202511308236624
202512018267818
202511278189414
202512028285507
202512028295312
202512028289721
202509046042405
202509046042408
202506243821952
202509226534594
202510297509695
202511268139440
202511308236748
202512038317372
202512038333813
202512038333905
202512048351324
202512048389837
202512058397754
202512058413737
202512088443579
202512088458297
202509156337545
202508135404494
202509036013696
202509196466741
202512058405548
202512098486480
202404248986265
202503300754007
202512108494757
202512108499414
202512108508041
202512108512093
202512118517633
202512128549429
202512128560477
202512138567141
202512138573718
202512148579507
202512158592543
202512158592814
202512158596937
202512158597469
202512048353164
202512168620064
202512128558392
202512168638968
202512108499559
202512138569143
202505162483209
202512178651799
202512188680565
202511308236752
202511308236759
202512038337722
202512188694929
202512188694975
202512038317270
202512188693762
202512198714492
202512208728160
202512228747308
202510046875837
202512128551028
202512238776377
202509296712284
202510016784344
202510036856473
202512248789508
202511228068428
202511228068581
202512298824869
202512298827581
202512298827734
202505262817290
202512308842046