202505112268006
202505162485994
202506303999435
202507024077173
202507044147915
202507044170859
202507054199955
202508225671192
202509015941807
202509025983879
202509156337539
202509166369372
202509176386883
202509296722063
202510036856247
202510036866836
202510036866837
202510036872214
202510086981214
202510097014331
202510137099067
202510207282100
202510237372288
202510287461837
202510297504625
202510307540135
202511047633406
202511117823076
202511127831554
202511208019692
202511218055416
202511248100661
202511258126849
202511258138867
202511268143302
202511268143305
202511268144684
202511298229437
202512018254349
202512018272672
202512018275601
202512038311849
202512048351065
202512048351223
202512048365647
202512048376532
202512088443512
202512088450269
202512098470069
202512108494747
202512108507804
202512108508043
202512118524714
202512128549915
202512138564015
202512148582022
202512168635670
202512178668111
202512188692177
202512198709548
202512198714493
202512228754614
202512228754705
202512228754715
202512238769091
202512238779842