202403067272760
202404098464826
202503250535426
202506053206979
202507034140808
202507114379963
202507254820021
202507304979486
202508015036838
202508085258259
202508145441673
202508265759093
202508265759094
202509036018671
202405219935759
202411186413420
202501137970884
202501148024448
202501168104093
202501178134681
202501208217411
202501278433801
202501288500309
202501318613200
202502108952403
202502129025975
202502199261650
202503079850208
202503110018593
202503150169007
202503210407630
202503240504391
202503240510618
202503240510621
202504040954107
202504121249617
202504151359809
202504241652391
202505021967028
202505072133749
202505092215356
202505092215358
202505092215694
202505142389157
202505152419120
202505212641270
202505212641792
202505212641806
202505212641808
202505232738078
202505232738082
202505302976036
202505302989154
202505313004363
202506023052521
202506023057539
202506063223321
202506073265207
202506093321000
202506103336966
202506113389314
202506113389315
202506113394064
202506123434324
202506173597696
202506173597698
202506173607732
202506183617966
202506183630084
202506183646741
202506203703259
202506203707328
202506213727430
202506243817174
202506243822764
202506263886730
202506273939280
202506283965350
202506304017134
202507024099436
202507024099440
202507034108341
202507034133276
202507074228611
202507074233733
202507084292951
202507114389614
202507144455748
202507154491301
202507174575572
202507174575855
202507184600359
202507224709080
202507224713475
202507224714487
202507224721031
202507234741159
202507244772287
202507244784576
202507244792818
202507254828103
202507284888169
202507284906464
202507284906617
202507304974321
202507315004684
202507315004744
202507315005292
202508015031775
202508015036896
202508015048722
202508015054786
202508045107800
202508045112955
202508055149361
202508055149721
202508065180295
202508065201149
202508075211095
202508075221996
202508075231043
202508075242387
202508085258254
202508085260206
202508085260209
202508115329315
202508115329447
202508115329589
202508115335169
202508115339923
202508135406858
202508145429904
202508145436713
202508155455595
202508155464919
202508155479825
202508155479826
202508185536284
202508185546626
202508195576357
202508195581227
202508205609654
202508205614713
202508215638183
202508215638325
202508215644003
202508215648676
202508225670841
202508225676904
202508225676949
202508225682123
202508265755198
202508265757023
202508265757855
202508265761733
202508285823262
202508285831621
202508285840727
202508295859317
202508295863769
202508295867640
202508295867729
202508295867782
202508295867812
202508295870375
202508295870377
202508295870376
202508305890566
202508305893067
202508305899885
202509015924453
202509015935724
202509015935913
202509015935915
202509015936005
202509015936007
202509015936006
202509015936008
202509015941522
202509015946799
202509015946801
202509025971523
202509025977485
202509025977697
202509025977696
202509025983878
202509035997959
202509036002705
202509036002704
202509036002710
202509036013557
202509036013595
202509036013682
202509036015844
202509036018815
202509046036881
202509046053082
202509046053084
202509046053083
202509046053085
202509046053086
202509056066553
202509056075707
202509066102464
202509096177535